function res = getCorner(id)
%% CHANGE THE NAME OF THE FUNCTION TO getCorner
    %% Input Parameter Description
    % id = List of all the AprilTag ids detected in the current image(data)
    
    %% Output Parameter Description
    % res = List of the coordinates of the 4 corners (or 4 corners and the
    % centre) of each detected AprilTag in the image in a systematic method
   i_d=[0, 12, 24, 36, 48, 60, 72, 84,  96;
        1, 13, 25, 37, 49, 61, 73, 85,  97;
        2, 14, 26, 38, 50, 62, 74, 86,  98; 
        3, 15, 27, 39, 51, 63, 75, 87,  99; 
        4, 16, 28, 40, 52, 64, 76, 88, 100; 
        5, 17, 29, 41, 53, 65, 77, 89, 101; 
        6, 18, 30, 42, 54, 66, 78, 90, 102; 
        7, 19, 31, 43, 55, 67, 79, 91, 103; 
        8, 20, 32, 44, 56, 68, 80, 92, 104; 
        9, 21, 33, 45, 57, 69, 81, 93, 105;
        10, 22, 34, 46, 58, 70, 82, 94, 106;
        11, 23, 35, 47, 59, 71, 83, 95, 107];
    res_normal=zeros(12,9,9);
    res=zeros(8,1);
    res_normal(:,:,1)=i_d;
    res_normal(:,:,2)=[0.1520,    0.1520,    0.1520,    0.1520,    0.1520,    0.1520,    0.1520,    0.1520,    0.1520;
                       0.4560,    0.4560,    0.4560,    0.4560,    0.4560,    0.4560,    0.4560,    0.4560,    0.4560;
                       0.7600,    0.7600,    0.7600,    0.7600,    0.7600,    0.7600,    0.7600,    0.7600,    0.7600;
                       1.0640,    1.0640,    1.0640,    1.0640,    1.0640,    1.0640,    1.0640,    1.0640,    1.0640;
                       1.3680,    1.3680,    1.3680,    1.3680,    1.3680,    1.3680,    1.3680,    1.3680,    1.3680;
                       1.6720,    1.6720,    1.6720,    1.6720,    1.6720,    1.6720,    1.6720,    1.6720,    1.6720;
                       1.9760,    1.9760,    1.9760,    1.9760,    1.9760,    1.9760,    1.9760,    1.9760,    1.9760;
                       2.2800,    2.2800,    2.2800,    2.2800,    2.2800,    2.2800,    2.2800,    2.2800,    2.2800;
                       2.5840,    2.5840,    2.5840,    2.5840,    2.5840,    2.5840,    2.5840,    2.5840,    2.5840;
                       2.8880,    2.8880,    2.8880,    2.8880,    2.8880,    2.8880,    2.8880,    2.8880,    2.8880;
                       3.1920,    3.1920,    3.1920,    3.1920,    3.1920,    3.1920,    3.1920,    3.1920,    3.1920;
                       3.4960,    3.4960,    3.4960,    3.4960,    3.4960,    3.4960,    3.4960,    3.4960,    3.4960];
    res_normal(:,:,3)=[0.1520    0.1520    0.1520    0.1520    0.1520    0.1520    0.1520    0.1520    0.1520;
                       0.4560    0.4560    0.4560    0.4560    0.4560    0.4560    0.4560    0.4560    0.4560;
                       0.7600    0.7600    0.7600    0.7600    0.7600    0.7600    0.7600    0.7600    0.7600;
                       1.0640    1.0640    1.0640    1.0640    1.0640    1.0640    1.0640    1.0640    1.0640;
                       1.3680    1.3680    1.3680    1.3680    1.3680    1.3680    1.3680    1.3680    1.3680;
                       1.6720    1.6720    1.6720    1.6720    1.6720    1.6720    1.6720    1.6720    1.6720;
                       1.9760    1.9760    1.9760    1.9760    1.9760    1.9760    1.9760    1.9760    1.9760;
                       2.2800    2.2800    2.2800    2.2800    2.2800    2.2800    2.2800    2.2800    2.2800;
                       2.5840    2.5840    2.5840    2.5840    2.5840    2.5840    2.5840    2.5840    2.5840;
                       2.8880    2.8880    2.8880    2.8880    2.8880    2.8880    2.8880    2.8880    2.8880;
                       3.1920    3.1920    3.1920    3.1920    3.1920    3.1920    3.1920    3.1920    3.1920;
                       3.4960    3.4960    3.4960    3.4960    3.4960    3.4960    3.4960    3.4960    3.4960];
    res_normal(:,:,4)=[0         0         0         0         0         0         0         0         0;
                       0.3040    0.3040    0.3040    0.3040    0.3040    0.3040    0.3040    0.3040    0.3040;
                       0.6080    0.6080    0.6080    0.6080    0.6080    0.6080    0.6080    0.6080    0.6080;
                       0.9120    0.9120    0.9120    0.9120    0.9120    0.9120    0.9120    0.9120    0.9120;
                       1.2160    1.2160    1.2160    1.2160    1.2160    1.2160    1.2160    1.2160    1.2160;
                       1.5200    1.5200    1.5200    1.5200    1.5200    1.5200    1.5200    1.5200    1.5200;
                       1.8240    1.8240    1.8240    1.8240    1.8240    1.8240    1.8240    1.8240    1.8240;
                       2.1280    2.1280    2.1280    2.1280    2.1280    2.1280    2.1280    2.1280    2.1280;
                       2.4320    2.4320    2.4320    2.4320    2.4320    2.4320    2.4320    2.4320    2.4320;
                       2.7360    2.7360    2.7360    2.7360    2.7360    2.7360    2.7360    2.7360    2.7360;
                       3.0400    3.0400    3.0400    3.0400    3.0400    3.0400    3.0400    3.0400    3.0400;
                       3.3440    3.3440    3.3440    3.3440    3.3440    3.3440    3.3440    3.3440    3.3440];
    res_normal(:,:,5)=[0         0         0         0         0         0         0         0         0;
                       0.3040    0.3040    0.3040    0.3040    0.3040    0.3040    0.3040    0.3040    0.3040;
                       0.6080    0.6080    0.6080    0.6080    0.6080    0.6080    0.6080    0.6080    0.6080;
                       0.9120    0.9120    0.9120    0.9120    0.9120    0.9120    0.9120    0.9120    0.9120;
                       1.2160    1.2160    1.2160    1.2160    1.2160    1.2160    1.2160    1.2160    1.2160;
                       1.5200    1.5200    1.5200    1.5200    1.5200    1.5200    1.5200    1.5200    1.5200;
                       1.8240    1.8240    1.8240    1.8240    1.8240    1.8240    1.8240    1.8240    1.8240;
                       2.1280    2.1280    2.1280    2.1280    2.1280    2.1280    2.1280    2.1280    2.1280;
                       2.4320    2.4320    2.4320    2.4320    2.4320    2.4320    2.4320    2.4320    2.4320;
                       2.7360    2.7360    2.7360    2.7360    2.7360    2.7360    2.7360    2.7360    2.7360;
                       3.0400    3.0400    3.0400    3.0400    3.0400    3.0400    3.0400    3.0400    3.0400;
                       3.3440    3.3440    3.3440    3.3440    3.3440    3.3440    3.3440    3.3440    3.3440];
     res_normal(:,:,6)=[0    0.3040    0.6080    0.9380    1.2420    1.5460    1.8760    2.1800    2.4840;
                        0    0.3040    0.6080    0.9380    1.2420    1.5460    1.8760    2.1800    2.4840;
                        0    0.3040    0.6080    0.9380    1.2420    1.5460    1.8760    2.1800    2.4840;
                        0    0.3040    0.6080    0.9380    1.2420    1.5460    1.8760    2.1800    2.4840;
                        0    0.3040    0.6080    0.9380    1.2420    1.5460    1.8760    2.1800    2.4840;
                        0    0.3040    0.6080    0.9380    1.2420    1.5460    1.8760    2.1800    2.4840;
                        0    0.3040    0.6080    0.9380    1.2420    1.5460    1.8760    2.1800    2.4840;
                        0    0.3040    0.6080    0.9380    1.2420    1.5460    1.8760    2.1800    2.4840;
                        0    0.3040    0.6080    0.9380    1.2420    1.5460    1.8760    2.1800    2.4840;
                        0    0.3040    0.6080    0.9380    1.2420    1.5460    1.8760    2.1800    2.4840;
                        0    0.3040    0.6080    0.9380    1.2420    1.5460    1.8760    2.1800    2.4840;
                        0    0.3040    0.6080    0.9380    1.2420    1.5460    1.8760    2.1800    2.4840];
